y_vector,Q_vector,k_vector
-1,1.25613414333708,0.563847834871307
-0.999,1.25613414413031,0.563847834871308
-0.998,1.25613414492275,0.563847834871308
-0.997,1.2561341457144,0.563847834871309
-0.996,1.25613414650525,0.563847834871309
-0.995,1.2561341472953,0.56384783487131
-0.994,1.25613414808457,0.56384783487131
-0.993,1.25613414887304,0.56384783487131
-0.992,1.25613414966072,0.563847834871311
-0.991,1.2561341504476,0.563847834871311
-0.99,1.25613415123369,0.563847834871312
-0.989,1.25613415201898,0.563847834871313
-0.988,1.25613415280349,0.563847834871314
-0.987,1.25613415358719,0.563847834871314
-0.986,1.25613415437011,0.563847834871315
-0.985,1.25613415515223,0.563847834871316
-0.984,1.25613415593356,0.563847834871316
-0.983,1.25613415671409,0.563847834871317
-0.982,1.25613415749383,0.563847834871318
-0.981,1.25613415827278,0.563847834871319
-0.98,1.25613415905093,0.56384783487132
-0.979,1.25613415982829,0.563847834871321
-0.978,1.25613416060486,0.563847834871322
-0.977,1.25613416138063,0.563847834871324
-0.976,1.25613416215561,0.563847834871325
-0.975,1.25613416292979,0.563847834871326
-0.974,1.25613416370318,0.563847834871328
-0.973,1.25613416447578,0.563847834871329
-0.972,1.25613416524758,0.563847834871331
-0.971,1.25613416601859,0.563847834871332
-0.97,1.25613416678881,0.563847834871334
-0.969,1.25613416755823,0.563847834871336
-0.968,1.25613416832686,0.563847834871338
-0.967,1.2561341690947,0.56384783487134
-0.966,1.25613416986174,0.563847834871342
-0.965,1.25613417062799,0.563847834871345
-0.964,1.25613417139344,0.563847834871347
-0.963,1.2561341721581,0.56384783487135
-0.962,1.25613417292197,0.563847834871353
-0.961,1.25613417368504,0.563847834871356
-0.96,1.25613417444732,0.563847834871359
-0.959,1.25613417520881,0.563847834871362
-0.958,1.2561341759695,0.563847834871366
-0.957,1.25613417672939,0.563847834871369
-0.956,1.2561341774885,0.563847834871373
-0.955,1.25613417824681,0.563847834871377
-0.954,1.25613417900433,0.563847834871382
-0.953,1.25613417976105,0.563847834871386
-0.952,1.25613418051698,0.563847834871391
-0.951,1.25613418127211,0.563847834871396
-0.95,1.25613418202645,0.563847834871401
-0.949,1.25613418278,0.563847834871407
-0.948,1.25613418353276,0.563847834871413
-0.947,1.25613418428472,0.56384783487142
-0.946,1.25613418503588,0.563847834871426
-0.945,1.25613418578626,0.563847834871433
-0.944,1.25613418653583,0.563847834871441
-0.943,1.25613418728462,0.563847834871449
-0.942,1.25613418803261,0.563847834871457
-0.941,1.25613418877981,0.563847834871466
-0.94,1.25613418952621,0.563847834871475
-0.939,1.25613419027182,0.563847834871485
-0.938,1.25613419101663,0.563847834871496
-0.937,1.25613419176065,0.563847834871507
-0.936,1.25613419250388,0.563847834871518
-0.935,1.25613419324631,0.56384783487153
-0.934,1.25613419398795,0.563847834871543
-0.933,1.2561341947288,0.563847834871556
-0.932,1.25613419546885,0.563847834871571
-0.931,1.25613419620811,0.563847834871586
-0.93,1.25613419694657,0.563847834871602
-0.929,1.25613419768424,0.563847834871619
-0.928,1.25613419842111,0.563847834871636
-0.927,1.25613419915719,0.563847834871655
-0.926,1.25613419989248,0.563847834871675
-0.925,1.25613420062697,0.563847834871695
-0.924,1.25613420136067,0.563847834871718
-0.923,1.25613420209357,0.563847834871741
-0.922,1.25613420282568,0.563847834871765
-0.921,1.25613420355699,0.56384783487179
-0.92,1.25613420428751,0.563847834871818
-0.919,1.25613420501724,0.563847834871846
-0.918,1.25613420574617,0.563847834871876
-0.917,1.25613420647431,0.563847834871908
-0.916,1.25613420720165,0.563847834871941
-0.915,1.2561342079282,0.563847834871977
-0.914,1.25613420865395,0.563847834872014
-0.913,1.2561342093789,0.563847834872053
-0.912,1.25613421010307,0.563847834872094
-0.911,1.25613421082644,0.563847834872138
-0.91,1.25613421154901,0.563847834872183
-0.909,1.25613421227079,0.563847834872232
-0.908,1.25613421299177,0.563847834872283
-0.907,1.25613421371195,0.563847834872336
-0.906,1.25613421443135,0.563847834872393
-0.905,1.25613421514994,0.563847834872452
-0.904,1.25613421586774,0.563847834872515
-0.903,1.25613421658475,0.563847834872581
-0.902,1.25613421730096,0.563847834872651
-0.901,1.25613421801637,0.563847834872724
-0.9,1.25613421873099,0.563847834872801
-0.899,1.25613421944481,0.563847834872882
-0.898,1.25613422015784,0.563847834872968
-0.897,1.25613422087007,0.563847834873057
-0.896,1.2561342215815,0.563847834873152
-0.895,1.25613422229214,0.563847834873252
-0.894,1.25613422300198,0.563847834873357
-0.893,1.25613422371102,0.563847834873468
-0.892,1.25613422441927,0.563847834873585
-0.891,1.25613422512672,0.563847834873707
-0.89,1.25613422583337,0.563847834873836
-0.889,1.25613422653922,0.563847834873971
-0.888,1.25613422724428,0.563847834874114
-0.887,1.25613422794853,0.563847834874265
-0.886,1.25613422865199,0.563847834874423
-0.885,1.25613422935465,0.56384783487459
-0.884,1.25613423005652,0.563847834874765
-0.883,1.25613423075758,0.563847834874949
-0.882,1.25613423145784,0.563847834875143
-0.881,1.25613423215731,0.563847834875347
-0.88,1.25613423285597,0.563847834875561
-0.879,1.25613423355384,0.563847834875787
-0.878,1.2561342342509,0.563847834876024
-0.877,1.25613423494716,0.563847834876274
-0.876,1.25613423564263,0.563847834876536
-0.875,1.25613423633729,0.563847834876813
-0.874,1.25613423703115,0.563847834877103
-0.873,1.2561342377242,0.563847834877409
-0.872,1.25613423841645,0.563847834877729
-0.871,1.2561342391079,0.563847834878067
-0.87,1.25613423979855,0.563847834878422
-0.869,1.25613424048839,0.563847834878795
-0.868,1.25613424117743,0.563847834879187
-0.867,1.25613424186566,0.563847834879599
-0.866,1.25613424255309,0.563847834880032
-0.865,1.2561342432397,0.563847834880488
-0.864,1.25613424392552,0.563847834880966
-0.863,1.25613424461052,0.563847834881469
-0.862,1.25613424529471,0.563847834881998
-0.861,1.2561342459781,0.563847834882552
-0.86,1.25613424666068,0.563847834883136
-0.859,1.25613424734244,0.563847834883749
-0.858,1.25613424802339,0.563847834884393
-0.857,1.25613424870353,0.563847834885069
-0.856,1.25613424938286,0.56384783488578
-0.855,1.25613425006137,0.563847834886526
-0.854,1.25613425073907,0.563847834887311
-0.853,1.25613425141595,0.563847834888134
-0.852,1.25613425209201,0.563847834888999
-0.851,1.25613425276725,0.563847834889907
-0.85,1.25613425344167,0.563847834890861
-0.849,1.25613425411527,0.563847834891863
-0.848,1.25613425478805,0.563847834892915
-0.847,1.25613425546,0.563847834894019
-0.846,1.25613425613113,0.563847834895178
-0.845,1.25613425680143,0.563847834896395
-0.844,1.2561342574709,0.563847834897672
-0.843,1.25613425813953,0.563847834899013
-0.842,1.25613425880734,0.563847834900421
-0.841,1.25613425947431,0.563847834901898
-0.84,1.25613426014045,0.563847834903448
-0.839,1.25613426080574,0.563847834905076
-0.838,1.2561342614702,0.563847834906783
-0.837,1.25613426213381,0.563847834908575
-0.836,1.25613426279658,0.563847834910455
-0.835,1.2561342634585,0.563847834912427
-0.834,1.25613426411957,0.563847834914497
-0.833,1.25613426477978,0.563847834916668
-0.832,1.25613426543914,0.563847834918945
-0.831,1.25613426609764,0.563847834921334
-0.83,1.25613426675528,0.56384783492384
-0.829,1.25613426741205,0.563847834926468
-0.828,1.25613426806795,0.563847834929224
-0.827,1.25613426872298,0.563847834932115
-0.826,1.25613426937714,0.563847834935147
-0.825,1.25613427003041,0.563847834938325
-0.824,1.2561342706828,0.563847834941658
-0.823,1.2561342713343,0.563847834945153
-0.822,1.25613427198491,0.563847834948817
-0.821,1.25613427263462,0.563847834952658
-0.82,1.25613427328343,0.563847834956684
-0.819,1.25613427393133,0.563847834960905
-0.818,1.25613427457832,0.56384783496533
-0.817,1.25613427522439,0.563847834969967
-0.816,1.25613427586953,0.563847834974827
-0.815,1.25613427651375,0.56384783497992
-0.814,1.25613427715702,0.563847834985258
-0.813,1.25613427779936,0.563847834990851
-0.812,1.25613427844074,0.563847834996712
-0.811,1.25613427908116,0.563847835002852
-0.81,1.25613427972062,0.563847835009285
-0.809,1.25613428035911,0.563847835016025
-0.808,1.25613428099661,0.563847835023086
-0.807,1.25613428163312,0.563847835030482
-0.806,1.25613428226863,0.563847835038229
-0.805,1.25613428290314,0.563847835046343
-0.804,1.25613428353662,0.563847835054842
-0.803,1.25613428416908,0.563847835063742
-0.802,1.25613428480049,0.563847835073063
-0.801,1.25613428543085,0.563847835082823
-0.8,1.25613428606015,0.563847835093043
-0.799,1.25613428668837,0.563847835103744
-0.798,1.25613428731551,0.563847835114947
-0.797,1.25613428794154,0.563847835126676
-0.796,1.25613428856645,0.563847835138954
-0.795,1.25613428919024,0.563847835151808
-0.794,1.25613428981288,0.563847835165262
-0.793,1.25613429043435,0.563847835179344
-0.792,1.25613429105465,0.563847835194082
-0.791,1.25613429167375,0.563847835209507
-0.79,1.25613429229163,0.563847835225649
-0.789,1.25613429290828,0.563847835242541
-0.788,1.25613429352368,0.563847835260215
-0.787,1.2561342941378,0.563847835278709
-0.786,1.25613429475063,0.563847835298058
-0.785,1.25613429536214,0.563847835318302
-0.784,1.2561342959723,0.563847835339478
-0.783,1.2561342965811,0.563847835361631
-0.782,1.25613429718851,0.563847835384803
-0.781,1.25613429779449,0.563847835409041
-0.78,1.25613429839904,0.56384783543439
-0.779,1.2561342990021,0.563847835460901
-0.778,1.25613429960366,0.563847835488627
-0.777,1.25613430020368,0.563847835517619
-0.776,1.25613430080213,0.563847835547935
-0.775,1.25613430139897,0.563847835579634
-0.774,1.25613430199418,0.563847835612777
-0.773,1.2561343025877,0.563847835647426
-0.772,1.25613430317951,0.563847835683649
-0.771,1.25613430376956,0.563847835721515
-0.77,1.2561343043578,0.563847835761096
-0.769,1.25613430494421,0.563847835802468
-0.768,1.25613430552872,0.563847835845709
-0.767,1.25613430611129,0.563847835890901
-0.766,1.25613430669187,0.563847835938128
-0.765,1.25613430727041,0.563847835987481
-0.764,1.25613430784685,0.563847836039052
-0.763,1.25613430842115,0.563847836092937
-0.762,1.25613430899323,0.563847836149237
-0.761,1.25613430956303,0.563847836208057
-0.76,1.2561343101305,0.563847836269506
-0.759,1.25613431069556,0.563847836333697
-0.758,1.25613431125816,0.56384783640075
-0.757,1.2561343118182,0.563847836470788
-0.756,1.25613431237562,0.56384783654394
-0.755,1.25613431293034,0.563847836620339
-0.754,1.25613431348228,0.563847836700126
-0.753,1.25613431403135,0.563847836783445
-0.752,1.25613431457746,0.563847836870448
-0.751,1.25613431512053,0.563847836961293
-0.75,1.25613431566044,0.563847837056143
-0.749,1.25613431619711,0.563847837155171
-0.748,1.25613431673043,0.563847837258554
-0.747,1.25613431726029,0.563847837366477
-0.746,1.25613431778658,0.563847837479133
-0.745,1.25613431830917,0.563847837596722
-0.744,1.25613431882795,0.563847837719455
-0.743,1.25613431934279,0.563847837847548
-0.742,1.25613431985356,0.563847837981228
-0.741,1.25613432036011,0.563847838120731
-0.74,1.25613432086231,0.563847838266302
-0.739,1.25613432135999,0.563847838418196
-0.738,1.25613432185302,0.563847838576678
-0.737,1.25613432234122,0.563847838742025
-0.736,1.25613432282443,0.563847838914525
-0.735,1.25613432330246,0.563847839094476
-0.734,1.25613432377515,0.56384783928219
-0.733,1.25613432424229,0.56384783947799
-0.732,1.25613432470369,0.563847839682212
-0.731,1.25613432515915,0.563847839895207
-0.73,1.25613432560844,0.563847840117339
-0.729,1.25613432605136,0.563847840348987
-0.728,1.25613432648766,0.563847840590544
-0.727,1.25613432691711,0.563847840842419
-0.726,1.25613432733946,0.563847841105039
-0.725,1.25613432775444,0.563847841378846
-0.724,1.25613432816179,0.5638478416643
-0.723,1.25613432856122,0.563847841961879
-0.722,1.25613432895245,0.563847842272081
-0.721,1.25613432933517,0.563847842595423
-0.72,1.25613432970907,0.563847842932441
-0.719,1.25613433007381,0.563847843283694
-0.718,1.25613433042905,0.563847843649762
-0.717,1.25613433077445,0.563847844031249
-0.716,1.25613433110963,0.56384784442878
-0.715,1.25613433143421,0.563847844843007
-0.714,1.2561343317478,0.563847845274606
-0.713,1.25613433204998,0.563847845724281
-0.712,1.25613433234032,0.56384784619276
-0.711,1.25613433261838,0.563847846680802
-0.71,1.2561343328837,0.563847847189195
-0.709,1.25613433313579,0.563847847718758
-0.708,1.25613433337415,0.563847848270339
-0.707,1.25613433359828,0.563847848844822
-0.706,1.25613433380762,0.563847849443123
-0.705,1.25613433400162,0.563847850066194
-0.704,1.2561343341797,0.563847850715023
-0.703,1.25613433434126,0.563847851390635
-0.702,1.25613433448567,0.563847852094096
-0.701,1.25613433461229,0.563847852826513
-0.7,1.25613433472043,0.563847853589032
-0.699,1.2561343348094,0.563847854382847
-0.698,1.25613433487847,0.563847855209193
-0.697,1.25613433492689,0.563847856069354
-0.696,1.25613433495387,0.563847856964662
-0.695,1.25613433495861,0.5638478578965
-0.694,1.25613433494026,0.563847858866304
-0.693,1.25613433489795,0.563847859875562
-0.692,1.25613433483076,0.563847860925818
-0.691,1.25613433473777,0.563847862018675
-0.69,1.25613433461799,0.563847863155796
-0.689,1.2561343344704,0.563847864338906
-0.688,1.25613433429397,0.563847865569793
-0.687,1.25613433408759,0.563847866850315
-0.686,1.25613433385014,0.563847868182394
-0.685,1.25613433358045,0.563847869568029
-0.684,1.2561343332773,0.563847871009289
-0.683,1.25613433293942,0.563847872508322
-0.682,1.25613433256552,0.563847874067352
-0.681,1.25613433215423,0.563847875688689
-0.68,1.25613433170416,0.563847877374725
-0.679,1.25613433121384,0.563847879127943
-0.678,1.25613433068176,0.563847880950913
-0.677,1.25613433010636,0.563847882846303
-0.676,1.25613432948601,0.563847884816876
-0.675,1.25613432881904,0.563847886865496
-0.674,1.2561343281037,0.563847888995132
-0.673,1.25613432733817,0.563847891208861
-0.672,1.2561343265206,0.563847893509871
-0.671,1.25613432564904,0.563847895901467
-0.67,1.25613432472147,0.563847898387071
-0.669,1.25613432373583,0.56384790097023
-0.668,1.25613432268994,0.56384790365462
-0.667,1.25613432158157,0.563847906444045
-0.666,1.25613432040841,0.563847909342451
-0.665,1.25613431916806,0.563847912353922
-0.664,1.25613431785803,0.563847915482688
-0.663,1.25613431647575,0.563847918733131
-0.662,1.25613431501856,0.56384792210979
-0.661,1.25613431348369,0.563847925617364
-0.66,1.25613431186829,0.563847929260718
-0.659,1.2561343101694,0.563847933044893
-0.658,1.25613430838396,0.563847936975104
-0.657,1.25613430650878,0.563847941056754
-0.656,1.2561343045406,0.563847945295433
-0.655,1.25613430247601,0.56384794969693
-0.654,1.25613430031149,0.563847954267237
-0.653,1.25613429804339,0.563847959012556
-0.652,1.25613429566796,0.563847963939304
-0.651,1.25613429318129,0.563847969054125
-0.65,1.25613429057934,0.563847974363893
-0.649,1.25613428785793,0.563847979875722
-0.648,1.25613428501274,0.563847985596973
-0.647,1.25613428203931,0.56384799153526
-0.646,1.25613427893299,0.563847997698463
-0.645,1.25613427568902,0.563848004094734
-0.644,1.25613427230242,0.563848010732505
-0.643,1.25613426876809,0.563848017620498
-0.642,1.25613426508072,0.563848024767735
-0.641,1.25613426123483,0.563848032183547
-0.64,1.25613425722476,0.563848039877584
-0.639,1.25613425304465,0.563848047859827
-0.638,1.25613424868843,0.563848056140594
-0.637,1.25613424414984,0.563848064730557
-0.636,1.25613423942239,0.56384807364075
-0.635,1.2561342344994,0.563848082882577
-0.634,1.25613422937393,0.563848092467834
-0.633,1.25613422403883,0.56384810240871
-0.632,1.2561342184867,0.563848112717805
-0.631,1.25613421270988,0.563848123408147
-0.63,1.25613420670047,0.563848134493196
-0.629,1.2561342004503,0.563848145986866
-0.628,1.25613419395093,0.563848157903534
-0.627,1.25613418719363,0.563848170258058
-0.626,1.25613418016939,0.56384818306579
-0.625,1.25613417286889,0.563848196342593
-0.624,1.2561341652825,0.563848210104856
-0.623,1.25613415740029,0.563848224369508
-0.622,1.25613414921198,0.563848239154041
-0.621,1.25613414070696,0.563848254476521
-0.62,1.25613413187427,0.56384827035561
-0.619,1.2561341227026,0.56384828681058
-0.618,1.25613411318026,0.563848303861339
-0.617,1.25613410329516,0.563848321528443
-0.616,1.25613409303486,0.563848339833118
-0.615,1.25613408238646,0.563848358797286
-0.614,1.25613407133669,0.563848378443576
-0.613,1.25613405987183,0.563848398795355
-0.612,1.25613404797769,0.563848419876746
-0.611,1.25613403563968,0.56384844171265
-0.61,1.25613402284267,0.563848464328772
-0.609,1.2561340095711,0.563848487751645
-0.608,1.25613399580889,0.563848512008652
-0.607,1.25613398153943,0.563848537128056
-0.606,1.2561339667456,0.563848563139021
-0.605,1.25613395140973,0.563848590071645
-0.604,1.25613393551357,0.563848617956984
-0.603,1.25613391903831,0.563848646827078
-0.602,1.25613390196454,0.563848676714989
-0.601,1.25613388427222,0.563848707654819
-0.6,1.2561338659407,0.563848739681753
-0.599,1.25613384694867,0.563848772832082
-0.598,1.25613382727413,0.563848807143239
-0.597,1.25613380689442,0.563848842653834
-0.596,1.25613378578615,0.563848879403682
-0.595,1.25613376392521,0.563848917433849
-0.594,1.25613374128673,0.563848956786675
-0.593,1.25613371784508,0.563848997505824
-0.592,1.25613369357381,0.563849039636313
-0.591,1.25613366844567,0.563849083224555
-0.59,1.25613364243256,0.563849128318398
-0.589,1.25613361550551,0.563849174967168
-0.588,1.25613358763466,0.563849223221709
-0.587,1.25613355878924,0.563849273134428
-0.586,1.25613352893753,0.563849324759339
-0.585,1.25613349804683,0.563849378152109
-0.584,1.25613346608346,0.563849433370104
-0.583,1.2561334330127,0.563849490472438
-0.582,1.25613339879878,0.563849549520022
-0.581,1.25613336340485,0.563849610575617
-0.58,1.25613332679293,0.563849673703878
-0.579,1.25613328892391,0.563849738971419
-0.578,1.25613324975749,0.563849806446856
-0.577,1.25613320925216,0.563849876200873
-0.576,1.25613316736517,0.563849948306272
-0.575,1.25613312405248,0.563850022838035
-0.574,1.25613307926874,0.563850099873383
-0.573,1.25613303296726,0.563850179491838
-0.572,1.25613298509994,0.563850261775289
-0.571,1.25613293561727,0.563850346808054
-0.57,1.25613288446827,0.563850434676944
-0.569,1.25613283160044,0.563850525471338
-0.568,1.25613277695976,0.563850619283248
-0.567,1.25613272049061,0.56385071620739
-0.566,1.25613266213571,0.563850816341261
-0.565,1.25613260183615,0.563850919785208
-0.564,1.25613253953128,0.563851026642515
-0.563,1.25613247515866,0.563851137019469
-0.562,1.25613240865408,0.563851251025449
-0.561,1.25613233995143,0.563851368773008
-0.56,1.2561322689827,0.563851490377954
-0.559,1.25613219567791,0.563851615959439
-0.558,1.25613211996509,0.563851745640048
-0.557,1.25613204177018,0.563851879545886
-0.556,1.25613196101698,0.563852017806676
-0.555,1.25613187762715,0.56385216055585
-0.554,1.25613179152009,0.563852307930647
-0.553,1.25613170261291,0.563852460072216
-0.552,1.25613161082036,0.563852617125713
-0.551,1.25613151605479,0.563852779240405
-0.55,1.25613141822605,0.563852946569781
-0.549,1.25613131724148,0.563853119271658
-0.548,1.25613121300577,0.563853297508292
-0.547,1.25613110542098,0.563853481446494
-0.546,1.25613099438639,0.563853671257745
-0.545,1.2561308797985,0.563853867118316
-0.544,1.25613076155089,0.563854069209389
-0.543,1.25613063953422,0.563854277717184
-0.542,1.25613051363609,0.563854492833084
-0.541,1.25613038374099,0.563854714753764
-0.54,1.25613024973025,0.56385494368133
-0.539,1.2561301114819,0.56385517982345
-0.538,1.25612996887065,0.563855423393495
-0.537,1.25612982176776,0.563855674610679
-0.536,1.25612967004096,0.563855933700209
-0.535,1.25612951355441,0.563856200893429
-0.534,1.25612935216856,0.563856476427974
-0.533,1.25612918574005,0.563856760547923
-0.532,1.25612901412168,0.563857053503962
-0.531,1.25612883716226,0.563857355553539
-0.53,1.25612865470653,0.563857666961034
-0.529,1.25612846659506,0.563857987997927
-0.528,1.25612827266414,0.563858318942967
-0.527,1.25612807274572,0.563858660082353
-0.526,1.25612786666723,0.563859011709909
-0.525,1.25612765425154,0.563859374127272
-0.524,1.25612743531682,0.563859747644073
-0.523,1.25612720967642,0.563860132578133
-0.522,1.25612697713877,0.563860529255657
-0.521,1.25612673750727,0.563860938011431
-0.52,1.25612649058016,0.563861359189027
-0.519,1.25612623615038,0.563861793141009
-0.518,1.25612597400549,0.563862240229146
-0.517,1.25612570392751,0.563862700824625
-0.516,1.25612542569278,0.563863175308274
-0.515,1.25612513907187,0.563863664070784
-0.514,1.25612484382942,0.563864167512937
-0.513,1.256124539724,0.563864686045845
-0.512,1.25612422650797,0.563865220091179
-0.511,1.25612390392737,0.563865770081422
-0.51,1.25612357172172,0.563866336460107
-0.509,1.25612322962392,0.563866919682075
-0.508,1.25612287736005,0.563867520213729
-0.507,1.25612251464929,0.563868138533298
-0.506,1.25612214120368,0.563868775131104
-0.505,1.25612175672801,0.563869430509834
-0.504,1.25612136091966,0.563870105184814
-0.503,1.25612095346841,0.563870799684296
-0.502,1.25612053405627,0.563871514549747
-0.501,1.25612010235733,0.563872250336134
-0.5,1.25611965803758,0.563873007612233
-0.499,1.25611920075472,0.563873786960926
-0.498,1.25611873015797,0.563874588979515
-0.497,1.25611824588791,0.563875414280033
-0.496,1.25611774757628,0.563876263489571
-0.495,1.25611723484577,0.5638771372506
-0.494,1.25611670730988,0.563878036221308
-0.493,1.25611616457263,0.563878961075936
-0.492,1.25611560622844,0.563879912505124
-0.491,1.2561150318619,0.563880891216264
-0.49,1.25611444104754,0.563881897933852
-0.489,1.25611383334962,0.56388293339986
-0.488,1.25611320832195,0.563883998374096
-0.487,1.25611256550762,0.563885093634589
-0.486,1.2561119044388,0.563886219977969
-0.485,1.25611122463651,0.563887378219852
-0.484,1.25611052561039,0.563888569195242
-0.483,1.25610980685846,0.563889793758932
-0.482,1.25610906786687,0.563891052785912
-0.481,1.25610830810966,0.563892347171788
-0.48,1.25610752704854,0.563893677833202
-0.479,1.25610672413259,0.563895045708265
-0.478,1.25610589879802,0.563896451756994
-0.477,1.25610505046794,0.563897896961755
-0.476,1.25610417855206,0.563899382327719
-0.475,1.25610328244641,0.563900908883313
-0.474,1.25610236153311,0.563902477680697
-0.473,1.25610141518006,0.563904089796229
-0.472,1.25610044274066,0.563905746330949
-0.471,1.25609944355354,0.563907448411072
-0.47,1.25609841694224,0.563909197188479
-0.469,1.25609736221493,0.563910993841224
-0.468,1.25609627866413,0.563912839574045
-0.467,1.25609516556637,0.563914735618885
-0.466,1.25609402218189,0.563916683235419
-0.465,1.25609284775434,0.56391868371159
-0.464,1.25609164151043,0.563920738364152
-0.463,1.25609040265966,0.563922848539224
-0.462,1.25608913039392,0.563925015612847
-0.461,1.25608782388723,0.563927240991553
-0.46,1.25608648229533,0.563929526112944
-0.459,1.2560851047554,0.563931872446274
-0.458,1.25608369038566,0.563934281493042
-0.457,1.25608223828506,0.563936754787595
-0.456,1.25608074753289,0.563939293897738
-0.455,1.25607921718843,0.56394190042535
-0.454,1.25607764629059,0.563944576007017
-0.453,1.25607603385751,0.56394732231466
-0.452,1.25607437888621,0.563950141056185
-0.451,1.25607268035219,0.563953033976134
-0.45,1.25607093720905,0.563956002856348
-0.449,1.2560691483881,0.563959049516637
-0.448,1.25606731279793,0.563962175815458
-0.447,1.25606542932406,0.563965383650607
-0.446,1.25606349682847,0.563968674959913
-0.445,1.25606151414922,0.563972051721948
-0.444,1.25605948010005,0.563975515956735
-0.443,1.25605739346991,0.563979069726483
-0.442,1.25605525302254,0.56398271513631
-0.441,1.25605305749606,0.563986454334992
-0.44,1.2560508056025,0.56399028951571
-0.439,1.25604849602737,0.563994222916817
-0.438,1.2560461274292,0.563998256822599
-0.437,1.2560436984391,0.564002393564059
-0.436,1.25604120766026,0.564006635519705
-0.435,1.25603865366752,0.564010985116346
-0.434,1.25603603500687,0.564015444829898
-0.433,1.256033350195,0.564020017186198
-0.432,1.25603059771878,0.564024704761833
-0.431,1.2560277760348,0.564029510184968
-0.43,1.25602488356886,0.564034436136193
-0.429,1.25602191871547,0.564039485349372
-0.428,1.25601887983736,0.564044660612509
-0.427,1.25601576526495,0.564049964768609
-0.426,1.25601257329582,0.564055400716569
-0.425,1.25600930219425,0.564060971412056
-0.424,1.25600595019062,0.564066679868411
-0.423,1.25600251548093,0.564072529157551
-0.422,1.25599899622621,0.564078522410889
-0.421,1.25599539055205,0.564084662820254
-0.42,1.25599169654798,0.564090953638827
-0.419,1.25598791226696,0.564097398182081
-0.418,1.25598403572482,0.564103999828734
-0.417,1.25598006489966,0.564110762021707
-0.416,1.25597599773133,0.564117688269094
-0.415,1.25597183212083,0.564124782145136
-0.414,1.25596756592972,0.56413204729121
-0.413,1.25596319697956,0.564139487416823
-0.412,1.25595872305132,0.56414710630061
-0.411,1.25595414188477,0.56415490779135
-0.41,1.25594945117789,0.564162895808984
-0.409,1.25594464858627,0.56417107434564
-0.408,1.25593973172249,0.56417944746667
-0.407,1.25593469815553,0.564188019311694
-0.406,1.25592954541013,0.564196794095653
-0.405,1.25592427096616,0.564205776109862
-0.404,1.25591887225805,0.564214969723084
-0.403,1.25591334667409,0.564224379382601
-0.402,1.25590769155581,0.564234009615293
-0.401,1.2559019041974,0.564243865028735
-0.4,1.25589598184498,0.564253950312286
-0.399,1.255889921696,0.564264270238196
-0.398,1.25588372089859,0.564274829662715
-0.397,1.25587737655089,0.564285633527214
-0.396,1.25587088570039,0.564296686859302
-0.395,1.25586424534327,0.564307994773962
-0.394,1.25585745242374,0.564319562474685
-0.393,1.25585050383334,0.564331395254615
-0.392,1.25584339641033,0.564343498497695
-0.391,1.25583612693892,0.564355877679823
-0.39,1.25582869214867,0.564368538370011
-0.389,1.25582108871375,0.564381486231554
-0.388,1.2558133132523,0.564394727023197
-0.387,1.25580536232569,0.564408266600313
-0.386,1.25579723243787,0.564422110916082
-0.385,1.25578892003464,0.564436266022679
-0.384,1.25578042150299,0.564450738072461
-0.383,1.25577173317035,0.564465533319162
-0.382,1.25576285130392,0.564480658119093
-0.381,1.25575377210996,0.56449611893234
-0.38,1.25574449173308,0.56451192232397
-0.379,1.25573500625552,0.564528074965242
-0.378,1.25572531169646,0.564544583634815
-0.377,1.25571540401129,0.564561455219964
-0.376,1.25570527909089,0.564578696717797
-0.375,1.25569493276093,0.564596315236471
-0.374,1.25568436078117,0.564614317996415
-0.373,1.25567355884468,0.564632712331552
-0.372,1.25566252257718,0.56465150569052
-0.371,1.25565124753632,0.564670705637902
-0.37,1.25563972921092,0.564690319855447
-0.369,1.25562796302028,0.564710356143297
-0.368,1.25561594431345,0.564730822421212
-0.367,1.25560366836851,0.5647517267298
-0.366,1.25559113039186,0.564773077231738
-0.365,1.25557832551749,0.564794882212996
-0.364,1.25556524880627,0.564817150084067
-0.363,1.25555189524522,0.564839889381179
-0.362,1.25553825974681,0.564863108767526
-0.361,1.25552433714824,0.564886817034475
-0.36,1.25551012221069,0.564911023102789
-0.359,1.25549560961869,0.564935736023838
-0.358,1.25548079397932,0.564960964980806
-0.357,1.25546566982157,0.564986719289897
-0.356,1.25545023159558,0.565013008401537
-0.355,1.255434473672,0.565039841901572
-0.354,1.25541839034121,0.565067229512457
-0.353,1.25540197581271,0.565095181094447
-0.352,1.25538522421435,0.565123706646777
-0.351,1.25536812959169,0.565152816308834
-0.35,1.2553506859073,0.565182520361331
-0.349,1.25533288704005,0.565212829227466
-0.348,1.25531472678449,0.565243753474075
-0.347,1.25529619885011,0.565275303812786
-0.346,1.25527729686074,0.565307491101149
-0.345,1.2552580143538,0.565340326343775
-0.344,1.25523834477974,0.565373820693448
-0.343,1.25521828150131,0.565407985452245
-0.342,1.25519781779295,0.565442832072636
-0.341,1.25517694684014,0.56547837215857
-0.34,1.25515566173876,0.565514617466564
-0.339,1.25513395549448,0.565551579906766
-0.338,1.25511182102211,0.565589271544017
-0.337,1.25508925114501,0.565627704598892
-0.336,1.25506623859448,0.565666891448738
-0.335,1.25504277600915,0.565706844628688
-0.334,1.25501885593441,0.565747576832671
-0.333,1.2549944708218,0.565789100914401
-0.332,1.25496961302845,0.565831429888353
-0.331,1.25494427481653,0.565874576930729
-0.33,1.25491844835267,0.5659185553804
-0.329,1.25489212570742,0.565963378739837
-0.328,1.25486529885473,0.566009060676026
-0.327,1.25483795967141,0.566055615021358
-0.326,1.25481009993661,0.566103055774515
-0.325,1.25478171133132,0.566151397101326
-0.324,1.25475278543789,0.566200653335606
-0.323,1.25472331373952,0.566250838979982
-0.322,1.25469328761982,0.566301968706694
-0.321,1.25466269836232,0.566354057358375
-0.32,1.25463153715003,0.566407119948813
-0.319,1.25459979506504,0.566461171663692
-0.318,1.25456746308806,0.566516227861307
-0.317,1.25453453209801,0.566572304073262
-0.316,1.25450099287165,0.56662941600514
-0.315,1.2544668360832,0.56668757953715
-0.314,1.25443205230394,0.56674681072476
-0.313,1.25439663200189,0.566807125799284
-0.312,1.25436056554146,0.566868541168469
-0.311,1.25432384318313,0.566931073417038
-0.31,1.25428645508314,0.566994739307213
-0.309,1.25424839129319,0.567059555779214
-0.308,1.25420964176019,0.567125539951725
-0.307,1.25417019632599,0.567192709122339
-0.306,1.2541300447271,0.567261080767965
-0.305,1.25408917659453,0.567330672545218
-0.304,1.25404758145355,0.567401502290771
-0.303,1.25400524872347,0.567473588021676
-0.302,1.25396216771753,0.567546947935664
-0.301,1.2539183276427,0.567621600411404
-0.3,1.25387371759954,0.567697564008736
-0.299,1.25382832658211,0.567774857468868
-0.298,1.25378214347788,0.567853499714544
-0.297,1.25373515706761,0.567933509850177
-0.296,1.25368735602532,0.56801490716195
-0.295,1.25363872891826,0.568097711117879
-0.294,1.25358926420685,0.568181941367845
-0.293,1.25353895024473,0.568267617743588
-0.292,1.25348777527878,0.568354760258669
-0.291,1.25343572744911,0.568443389108391
-0.29,1.25338279478921,0.568533524669685
-0.289,1.25332896522597,0.568625187500963
-0.288,1.25327422657982,0.568718398341922
-0.287,1.25321856656485,0.568813178113326
-0.286,1.253161972789,0.568909547916732
-0.285,1.2531044327542,0.569007529034189
-0.284,1.25304593385659,0.569107142927893
-0.283,1.25298646338674,0.569208411239799
-0.282,1.25292600852992,0.569311355791199
-0.281,1.25286455636632,0.569415998582249
-0.28,1.25280209387144,0.569522361791465
-0.279,1.25273860791633,0.569630467775171
-0.278,1.25267408526796,0.569740339066901
-0.277,1.25260851258964,0.569851998376768
-0.276,1.25254187644135,0.569965468590778
-0.275,1.25247416328022,0.57008077277011
-0.274,1.25240535946096,0.570197934150344
-0.273,1.25233545123632,0.570316976140649
-0.272,1.25226442475762,0.570437922322923
-0.271,1.2521922660753,0.570560796450887
-0.27,1.25211896113943,0.57068562244914
-0.269,1.25204449580031,0.570812424412154
-0.268,1.25196885580911,0.570941226603235
-0.267,1.25189202681848,0.571072053453428
-0.266,1.25181399438325,0.571204929560383
-0.265,1.25173474396108,0.571339879687163
-0.264,1.25165426091324,0.57147692876101
-0.263,1.25157253050534,0.571616101872061
-0.262,1.25148953790808,0.571757424272014
-0.261,1.25140526819812,0.571900921372747
-0.26,1.2513197063589,0.572046618744881
-0.259,1.2512328372815,0.572194542116303
-0.258,1.25114464576552,0.572344717370629
-0.257,1.25105511652007,0.572497170545619
-0.256,1.2509642341647,0.572651927831546
-0.255,1.25087198323035,0.572809015569505
-0.254,1.25077834816044,0.57296846024968
-0.253,1.25068331331188,0.573130288509549
-0.252,1.25058686295616,0.573294527132046
-0.251,1.25048898128046,0.573461203043663
-0.25,1.25038965238881,0.573630343312505
-0.249,1.25028886030323,0.573801975146292
-0.248,1.25018658896497,0.5739761258903
-0.247,1.25008282223574,0.574152823025258
-0.246,1.24997754389896,0.57433209416519
-0.245,1.24987073766108,0.574513967055196
-0.244,1.24976238715291,0.574698469569188
-0.243,1.24965247593096,0.574885629707564
-0.242,1.24954098747888,0.575075475594838
-0.241,1.24942790520883,0.575268035477205
-0.24,1.24931321246301,0.575463337720051
-0.239,1.24919689251507,0.575661410805425
-0.238,1.24907892857172,0.575862283329433
-0.237,1.24895930377421,0.576065983999591
-0.236,1.24883800119995,0.576272541632123
-0.235,1.24871500386417,0.576481985149197
-0.234,1.2485902947215,0.576694343576111
-0.233,1.2484638566677,0.576909646038423
-0.232,1.24833567254139,0.57712792175902
-0.231,1.24820572512575,0.577349200055143
-0.23,1.24807399715035,0.577573510335344
-0.229,1.24794047129298,0.577800882096395
-0.228,1.24780513018142,0.578031344920139
-0.227,1.24766795639541,0.57826492847029
-0.226,1.24752893246851,0.578501662489163
-0.225,1.24738804089007,0.578741576794372
-0.224,1.24724526410721,0.578984701275449
-0.223,1.24710058452681,0.579231065890421
-0.222,1.24695398451758,0.579480700662329
-0.221,1.24680544641213,0.579733635675693
-0.22,1.24665495250907,0.579989901072912
-0.219,1.24650248507516,0.580249527050625
-0.218,1.24634802634749,0.580512543856001
-0.217,1.24619155853568,0.580778981782986
-0.216,1.24603306382411,0.58104887116849
-0.215,1.24587252437421,0.581322242388513
-0.214,1.24570992232677,0.581599125854231
-0.213,1.24554523980422,0.581879552008015
-0.212,1.24537845891308,0.582163551319399
-0.211,1.24520956174629,0.582451154280997
-0.21,1.24503853038567,0.582742391404362
-0.209,1.24486534690439,0.583037293215794
-0.208,1.24468999336946,0.583335890252092
-0.207,1.24451245184423,0.583638213056257
-0.206,1.24433270439096,0.583944292173134
-0.205,1.24415073307345,0.58425415814501
-0.204,1.24396651995959,0.584567841507156
-0.203,1.24378004712405,0.584885372783312
-0.202,1.24359129665094,0.585206782481126
-0.201,1.24340025063654,0.585532101087544
-0.2,1.24320689119203,0.585861359064135
-0.199,1.24301120044627,0.586194586842382
-0.198,1.24281316054856,0.586531814818911
-0.197,1.24261275367152,0.586873073350671
-0.196,1.24240996201394,0.587218392750068
-0.195,1.24220476780363,0.587567803280047
-0.194,1.24199715330038,0.587921335149125
-0.193,1.24178710079889,0.588279018506372
-0.192,1.24157459263174,0.58864088343635
-0.191,1.24135961117239,0.589006959954
-0.19,1.24114213883823,0.589377277999479
-0.189,1.24092215809361,0.589751867432956
-0.188,1.24069965145295,0.590130758029357
-0.187,1.24047460148383,0.590513979473063
-0.186,1.24024699081017,0.590901561352567
-0.185,1.24001680211534,0.591293533155083
-0.184,1.23978401814538,0.591689924261109
-0.183,1.23954862171223,0.592090763938948
-0.182,1.23931059569696,0.592496081339185
-0.181,1.23906992305303,0.592905905489118
-0.18,1.2388265868096,0.593320265287158
-0.179,1.23858057007484,0.593739189497169
-0.178,1.23833185603929,0.594162706742781
-0.177,1.23808042797917,0.594590845501658
-0.176,1.23782626925985,0.595023634099727
-0.175,1.2375693633392,0.595461100705365
-0.174,1.23730969377106,0.59590327332355
-0.173,1.23704724420867,0.596350179789974
-0.172,1.23678199840817,0.596801847765118
-0.171,1.23651394023211,0.597258304728291
-0.17,1.23624305365294,0.597719577971633
-0.169,1.23596932275657,0.598185694594085
-0.168,1.23569273174593,0.598656681495319
-0.167,1.23541326494456,0.599132565369643
-0.166,1.2351309068002,0.599613372699869
-0.165,1.23484564188841,0.600099129751145
-0.164,1.23455745491622,0.600589862564766
-0.163,1.23426633072576,0.601085596951945
-0.162,1.23397225429797,0.601586358487563
-0.161,1.23367521075626,0.602092172503883
-0.16,1.23337518537021,0.602603064084245
-0.159,1.23307216355933,0.603119058056727
-0.158,1.23276613089674,0.603640178987785
-0.157,1.23245707311297,0.604166451175865
-0.156,1.23214497609971,0.604697898644998
-0.155,1.23182982591357,0.605234545138362
-0.154,1.23151160877987,0.605776414111836
-0.153,1.23119031109648,0.606323528727517
-0.152,1.23086591943759,0.606875911847236
-0.151,1.23053842055755,0.607433586026037
-0.15,1.2302078013947,0.607996573505656
-0.149,1.22987404907525,0.60856489620797
-0.148,1.22953715091705,0.609138575728441
-0.147,1.22919709443355,0.60971763332954
-0.146,1.2288538673376,0.610302089934159
-0.145,1.22850745754533,0.610891966119018
-0.144,1.22815785318007,0.61148728210805
-0.143,1.22780504257619,0.612088057765791
-0.142,1.22744901428303,0.612694312590748
-0.141,1.22708975706876,0.613306065708774
-0.14,1.22672725992431,0.613923335866426
-0.139,1.22636151206724,0.614546141424331
-0.138,1.22599250294566,0.615174500350538
-0.137,1.22562022224211,0.615808430213877
-0.136,1.2252446598775,0.616447948177316
-0.135,1.22486580601497,0.617093070991319
-0.134,1.22448365106381,0.617743814987207
-0.133,1.22409818568336,0.618400196070526
-0.132,1.22370940078686,0.619062229714419
-0.131,1.22331728754542,0.619729930953006
-0.13,1.2229218373918,0.620403314374777
-0.129,1.22252304202437,0.621082394115984
-0.128,1.22212089341095,0.621767183854064
-0.127,1.22171538379263,0.62245769680106
-0.126,1.2213065056877,0.623153945697064
-0.125,1.22089425189541,0.62385594280368
-0.124,1.22047861549988,0.624563699897495
-0.123,1.22005958987382,0.625277228263589
-0.122,1.21963716868245,0.625996538689046
-0.121,1.21921134588717,0.626721641456509
-0.12,1.21878211574945,0.627452546337744
-0.119,1.2183494728345,0.628189262587243
-0.118,1.21791341201505,0.628931798935854
-0.117,1.21747392847508,0.62968016358444
-0.116,1.2170310177135,0.630434364197567
-0.115,1.21658467554785,0.631194407897243
-0.114,1.21613489811796,0.631960301256672
-0.113,1.21568168188959,0.632732050294068
-0.112,1.21522502365802,0.633509660466491
-0.111,1.21476492055168,0.634293136663743
-0.11,1.21430137003568,0.635082483202293
-0.109,1.21383436991537,0.635877703819265
-0.108,1.21336391833982,0.636678801666458
-0.107,1.21289001380533,0.63748577930443
-0.106,1.21241265515883,0.63829863869663
-0.105,1.21193184160136,0.639117381203584
-0.104,1.21144757269139,0.639942007577137
-0.103,1.21095984834817,0.640772517954767
-0.102,1.21046866885508,0.641608911853936
-0.101,1.20997403486288,0.642451188166531
-0.1,1.20947594739291,0.643299345153354
-0.099,1.20897440784036,0.644153380438683
-0.098,1.20846941797732,0.645013291004911
-0.097,1.20796097995598,0.645879073187249
-0.096,1.20744909631165,0.646750722668504
-0.095,1.20693376996578,0.647628234473945
-0.094,1.20641500422895,0.64851160296623
-0.093,1.20589280280379,0.649400821840432
-0.092,1.20536716978783,0.650295884119144
-0.091,1.20483810967637,0.65119678214766
-0.09,1.20430562736522,0.652103507589261
-0.089,1.20376972815343,0.653016051420581
-0.088,1.20323041774596,0.65393440392707
-0.087,1.20268770225626,0.654858554698552
-0.086,1.20214158820887,0.655788492624885
-0.085,1.20159208254187,0.656724205891713
-0.084,1.20103919260932,0.65766568197633
-0.083,1.20048292618366,0.658612907643646
-0.082,1.19992329145796,0.659565868942258
-0.081,1.1993602970482,0.660524551200636
-0.08,1.19879395199545,0.661488939023418
-0.079,1.19822426576794,0.662459016287823
-0.078,1.19765124826315,0.663434766140178
-0.077,1.19707490980972,0.664416170992569
-0.076,1.19649526116941,0.665403212519611
-0.075,1.19591231353885,0.666395871655343
-0.074,1.19532607855137,0.667394128590254
-0.073,1.19473656827859,0.668397962768434
-0.072,1.19414379523207,0.669407352884856
-0.071,1.19354777236482,0.670422276882801
-0.07,1.19294851307272,0.671442711951408
-0.069,1.19234603119586,0.672468634523373
-0.0679999999999999,1.19174034101985,0.673500020272782
-0.0669999999999999,1.19113145727698,0.674536844113094
-0.0659999999999999,1.19051939514732,0.675579080195266
-0.0649999999999999,1.18990417025975,0.676626701906026
-0.0639999999999999,1.18928579869286,0.677679681866304
-0.0629999999999999,1.18866429697582,0.678737991929804
-0.0619999999999999,1.18803968208908,0.679801603181743
-0.0609999999999999,1.18741197146504,0.680870485937739
-0.0599999999999999,1.18678118298864,0.681944609742865
-0.0589999999999999,1.18614733499775,0.68302394337086
-0.0579999999999999,1.18551044628362,0.684108454823509
-0.0569999999999999,1.18487053609108,0.685198111330184
-0.0559999999999999,1.18422762411874,0.686292879347555
-0.0549999999999999,1.18358173051904,0.687392724559478
-0.0539999999999999,1.18293287589827,0.688497611877042
-0.0529999999999999,1.18228108131636,0.689607505438806
-0.0519999999999999,1.1816263682867,0.690722368611198
-0.0509999999999999,1.18096875877576,0.691842163989104
-0.0499999999999999,1.18030827520266,0.692966853396628
-0.0489999999999999,1.17964494043864,0.694096397888042
-0.0479999999999999,1.17897877780632,0.695230757748915
-0.0469999999999999,1.17830981107901,0.696369892497427
-0.0459999999999999,1.17763806447979,0.697513760885875
-0.0449999999999999,1.1769635626805,0.698662320902363
-0.0439999999999999,1.17628633080066,0.699815529772686
-0.0429999999999999,1.17560639440625,0.700973343962404
-0.0419999999999999,1.17492377950838,0.70213571917911
-0.0409999999999999,1.17423851256182,0.703302610374897
-0.04,1.17355062046345,0.704473971749012
-0.039,1.1728601305506,0.705649756750722
-0.038,1.17216707059923,0.70682991808236
-0.037,1.17147146882204,0.708014407702595
-0.036,1.1707733538664,0.709203176829881
-0.035,1.17007275481226,0.71039617594612
-0.034,1.16936970116982,0.71159335480053
-0.033,1.16866422287717,0.712794662413709
-0.032,1.16795635029778,0.714000047081916
-0.031,1.16724611421789,0.715209456381542
-0.03,1.16653354584368,0.716422837173805
-0.029,1.16581867679851,0.717640135609639
-0.028,1.16510153911981,0.718861297134803
-0.027,1.16438216525605,0.720086266495181
-0.026,1.16366058806345,0.721314987742314
-0.025,1.16293684080262,0.722547404239119
-0.024,1.16221095713509,0.723783458665833
-0.023,1.1614829711197,0.725023093026156
-0.022,1.16075291720883,0.726266248653613
-0.021,1.1600208302446,0.727512866218119
-0.02,1.15928674545484,0.728762885732751
-0.019,1.15855069844904,0.730016246560742
-0.018,1.15781272521404,0.731272887422669
-0.017,1.1570728621098,0.732532746403857
-0.016,1.15633114586482,0.733795760961992
-0.015,1.15558761357162,0.735061867934938
-0.014,1.15484230268199,0.736331003548762
-0.013,1.15409525100217,0.737603103425971
-0.012,1.15334649668791,0.738878102593938
-0.011,1.15259607823935,0.740155935493553
-0.01,1.15184403449589,0.741436535988062
-0.00900000000000001,1.15109040463081,0.742719837372116
-0.00800000000000001,1.1503352281459,0.744005772381013
-0.00700000000000001,1.14957854486586,0.745294273200149
-0.00600000000000001,1.1488203949327,0.746585271474662
-0.005,1.14806081879988,0.747878698319269
-0.004,1.14729985722649,0.749174484328303
-0.003,1.1465375512712,0.750472559585943
-0.002,1.14577394228615,0.751772853676629
-0.001,1.14500907191075,0.753075295695673
0,1.14424298206529,0.754379814260053
0.001,1.14347571494452,0.755686337519395
0.002,1.14270731301111,0.756994793167132
0.003,1.14193781898895,0.758305108451847
0.004,1.14116727585643,0.759617210188795
0.005,1.14039572683952,0.760931024771599
0.00600000000000001,1.13962321540485,0.76224647818411
0.00700000000000001,1.13884978525262,0.763563496012455
0.00800000000000001,1.13807548030941,0.764882003457231
0.00900000000000001,1.13730034472098,0.766201925345877
0.01,1.13652442284485,0.7675231861452
0.011,1.13574775924286,0.768845709974059
0.012,1.13497039867368,0.770169420616207
0.013,1.13419238608513,0.771494241533278
0.014,1.13341376660647,0.772820095877922
0.015,1.13263458554063,0.774146906507089
0.016,1.13185488835632,0.775474595995447
0.017,1.13107472068004,0.776803086648935
0.018,1.13029412828807,0.778132300518459
0.019,1.12951315709836,0.779462159413698
0.02,1.12873185316232,0.780792584917055
0.021,1.12795026265659,0.782123498397708
0.022,1.12716843187469,0.783454821025794
0.023,1.12638640721863,0.784786473786692
0.024,1.12560423519049,0.78611837749542
0.025,1.12482196238386,0.787450452811133
0.026,1.12403963547531,0.788782620251718
0.027,1.12325730121573,0.790114800208483
0.028,1.12247500642168,0.791446912960935
0.029,1.12169279796662,0.792778878691643
0.03,1.1209107227722,0.794110617501179
0.031,1.12012882779938,0.795442049423131
0.032,1.11934716003961,0.796773094439193
0.033,1.11856576650591,0.798103672494306
0.034,1.11778469422397,0.799433703511875
0.035,1.11700399022314,0.800763107409024
0.036,1.11622370152748,0.802091804111911
0.037,1.11544387514673,0.80341971357108
0.038,1.11466455806727,0.804746755776856
0.039,1.11388579724305,0.806072850774768
0.04,1.11310763958654,0.807397918681001
0.0409999999999999,1.11233013195961,0.808721879697877
0.0419999999999999,1.11155332116447,0.810044654129338
0.0429999999999999,1.11077725393454,0.811366162396453
0.0439999999999999,1.11000197692533,0.812686325052928
0.0449999999999999,1.10922753670539,0.814005062800608
0.0459999999999999,1.10845397974713,0.815322296504981
0.0469999999999999,1.10768135241779,0.816637947210672
0.0479999999999999,1.10690970097032,0.817951936156911
0.0489999999999999,1.10613907153429,0.819264184792987
0.0499999999999999,1.10536951010689,0.820574614793671
0.0509999999999999,1.10460106254382,0.821883148074603
0.0519999999999999,1.10383377455034,0.823189706807639
0.0529999999999999,1.10306769167226,0.824494213436157
0.0539999999999999,1.10230285928695,0.82579659069031
0.0549999999999999,1.10153932259447,0.827096761602215
0.0559999999999999,1.10077712660867,0.828394649521094
0.0569999999999999,1.1000163161483,0.829690178128334
0.0579999999999999,1.09925693582827,0.830983271452475
0.0589999999999999,1.09849903005085,0.832273853884128
0.0599999999999999,1.09774264299697,0.833561850190795
0.0609999999999999,1.09698781861758,0.834847185531609
0.0619999999999999,1.09623460062505,0.836129785471969
0.0629999999999999,1.09548303248462,0.83740957599808
0.0639999999999999,1.09473315740594,0.838686483531382
0.0649999999999999,1.09398501833465,0.839960434942866
0.0659999999999999,1.09323865794406,0.841231357567277
0.0669999999999999,1.09249411862686,0.842499179217187
0.0679999999999999,1.09175144248694,0.843763828196937
0.069,1.09101067133129,0.845025233316459
0.07,1.09027184666196,0.846283323904938
0.071,1.08953500966812,0.847538029824351
0.072,1.08880020121818,0.848789281482838
0.073,1.08806746185207,0.850037009847928
0.074,1.08733683177352,0.851281146459606
0.075,1.08660835084251,0.852521623443207
0.076,1.08588205856782,0.853758373522152
0.077,1.08515799409957,0.854991330030503
0.078,1.08443619622206,0.856220426925335
0.079,1.08371670334652,0.857445598798938
0.08,1.08299955350414,0.858666780890813
0.081,1.08228478433903,0.859883909099498
0.082,1.08157243310151,0.861096919994173
0.083,1.08086253664132,0.862305750826083
0.084,1.08015513140109,0.863510339539745
0.085,1.07945025340984,0.864710624783953
0.086,1.07874793827668,0.865906545922566
0.087,1.07804822118456,0.867098043045079
0.088,1.07735113688424,0.868285056976973
0.089,1.0766567196883,0.869467529289845
0.09,1.07596500346536,0.870645402311309
0.091,1.07527602163436,0.871818619134657
0.092,1.07458980715908,0.872987123628304
0.093,1.07390639254267,0.874150860444974
0.094,1.07322580982246,0.875309775030662
0.095,1.07254809056478,0.876463813633345
0.096,1.07187326586003,0.87761292331145
0.097,1.07120136631784,0.878757051942065
0.098,1.07053242206241,0.879896148228913
0.099,1.06986646272793,0.881030161710056
0.1,1.06920351745427,0.882159042765358
0.101,1.06854361488269,0.883282742623672
0.102,1.06788678315184,0.884401213369785
0.103,1.06723304989376,0.885514407951087
0.104,1.06658244223017,0.886622280183982
0.105,1.06593498676884,0.887724784760032
0.106,1.06529070960015,0.888821877251832
0.107,1.06464963629379,0.889913514118616
0.108,1.06401179189564,0.890999652711599
0.109,1.06337720092476,0.892080251279036
0.11,1.06274588737063,0.893155268971023
0.111,1.06211787469042,0.894224665844012
0.112,1.06149318580659,0.89528840286506
0.113,1.06087184310446,0.896346441915801
0.114,1.06025386843012,0.897398745796144
0.115,1.05963928308836,0.898445278227693
0.116,1.05902810784087,0.8994860038569
0.117,1.05842036290452,0.900520888257925
0.118,1.05781606794985,0.901549897935245
0.119,1.05721524209969,0.902573000325966
0.12,1.05661790392799,0.903590163801872
0.121,1.05602407145877,0.904601357671195
0.122,1.0554337621652,0.905606552180114
0.123,1.05484699296894,0.906605718513982
0.124,1.05426378023955,0.907598828798271
0.125,1.05368413979409,0.908585856099261
0.126,1.05310808689688,0.909566774424447
0.127,1.05253563625943,0.910541558722682
0.128,1.05196680204049,0.911510184884049
0.129,1.05140159784631,0.912472629739476
0.13,1.05084003673099,0.913428871060068
0.131,1.05028213119705,0.914378887556201
0.132,1.04972789319611,0.915322658876332
0.133,1.04917733412974,0.916260165605565
0.134,1.04863046485044,0.917191389263953
0.135,1.04808729566282,0.918116312304546
0.136,1.04754783632486,0.919034918111188
0.137,1.04701209604936,0.919947190996063
0.138,1.04648008350554,0.920853116196991
0.139,1.04595180682077,0.921752679874487
0.14,1.0454272735824,0.92264586910856
0.141,1.04490649083986,0.923532671895296
0.142,1.04438946510672,0.924413077143182
0.143,1.04387620236304,0.92528707466921
0.144,1.04336670805779,0.926154655194747
0.145,1.04286098711138,0.92701581034117
0.146,1.04235904391839,0.92787053262529
0.147,1.04186088235034,0.928718815454539
0.148,1.04136650575871,0.929560653121955
0.149,1.04087591697796,0.930396040800939
0.15,1.04038911832874,0.931224974539809
0.151,1.03990611162124,0.932047451256145
0.152,1.03942689815859,0.932863468730931
0.153,1.03895147874045,0.933673025602494
0.154,1.03847985366666,0.934476121360249
0.155,1.03801202274104,0.935272756338256
0.156,1.03754798527528,0.936062931708579
0.157,1.03708774009297,0.936846649474474
0.158,1.03663128553365,0.937623912463381
0.159,1.0361786194571,0.938394724319754
0.16,1.03572973924758,0.939159089497713
0.161,1.03528464181832,0.939917013253528
0.162,1.03484332361596,0.940668501637933
0.163,1.0344057806252,0.941413561488302
0.164,1.03397200837347,0.942152200420642
0.165,1.03354200193572,0.942884426821455
0.166,1.03311575593931,0.943610249839448
0.167,1.0326932645689,0.944329679377096
0.168,1.03227452157157,0.945042726082077
0.169,1.03185952026186,0.945749401338567
0.17,1.03144825352697,0.946449717258405
0.171,1.03104071383207,0.947143686672143
0.172,1.03063689322556,0.947831323119963
0.173,1.03023678334451,0.948512640842492
0.174,1.02984037542011,0.949187654771497
0.175,1.02944766028319,0.949856380520473
0.176,1.02905862836984,0.950518834375144
0.177,1.02867326972698,0.951175033283845
0.178,1.02829157401814,0.951824994847824
0.179,1.02791353052914,0.952468737311459
0.18,1.02753912817393,0.953106279552382
0.181,1.02716835550043,0.953737641071527
0.182,1.02680120069637,0.954362841983103
0.183,1.0264376515953,0.954981903004504
0.184,1.0260776956825,0.955594845446137
0.185,1.02572132010099,0.956201691201206
0.186,1.02536851165758,0.956802462735424
0.187,1.02501925682895,0.957397183076684
0.188,1.02467354176772,0.957985875804676
0.189,1.02433135230858,0.958568565040456
0.19,1.02399267397446,0.959145275435985
0.191,1.02365749198268,0.959716032163624
0.192,1.02332579125112,0.960280860905601
0.193,1.02299755640445,0.960839787843448
0.194,1.02267277178033,0.961392839647425
0.195,1.02235142143564,0.961940043465907
0.196,1.02203348915271,0.962481426914773
0.197,1.02171895844558,0.963017018066778
0.198,1.02140781256622,0.963546845440912
0.199,1.02110003451079,0.964070937991768
0.2,1.02079560702591,0.964589325098901
0.201,1.02049451261484,0.965102036556194
0.202,1.0201967335438,0.965609102561238
0.203,1.01990225184813,0.966110553704718
0.204,1.01961104933858,0.966606420959813
0.205,1.01932310760745,0.967096735671626
0.206,1.01903840803485,0.967581529546627
0.207,1.01875693179485,0.968060834642122
0.208,1.01847865986164,0.968534683355763
0.209,1.01820357301569,0.969003108415081
0.21,1.01793165184989,0.969466142867057
0.211,1.0176628767756,0.969923820067738
0.212,1.01739722802877,0.970376173671891
0.213,1.01713468567596,0.970823237622708
0.214,1.01687522962039,0.971265046141552
0.215,1.01661883960788,0.971701633717768
0.216,1.01636549523285,0.972133035098537
0.217,1.01611517594422,0.972559285278794
0.218,1.01586786105131,0.972980419491212
0.219,1.01562352972965,0.973396473196237
0.22,1.01538216102683,0.973807482072197
0.221,1.01514373386827,0.974213482005485
0.222,1.01490822706291,0.974614509080804
0.223,1.01467561930891,0.975010599571491
0.224,1.0144458891993,0.975401789929913
0.225,1.01421901522758,0.975788116777951
0.226,1.01399497579321,0.976169616897553
0.227,1.01377374920718,0.976546327221382
0.228,1.01355531369739,0.976918284823538
0.229,1.0133396474141,0.977285526910377
0.23,1.01312672843522,0.97764809081141
0.231,1.01291653477163,0.978006013970305
0.232,1.01270904437242,0.978359333935969
0.233,1.01250423513002,0.978708088353736
0.234,1.0123020848854,0.979052314956642
0.235,1.01210257143305,0.979392051556809
0.236,1.01190567252604,0.979727336036915
0.237,1.01171136588095,0.98005820634178
0.238,1.01151962918275,0.980384700470044
0.239,1.01133044008962,0.980706856465952
0.24,1.01114377623773,0.981024712411247
0.241,1.01095961524592,0.981338306417167
0.242,1.01077793472035,0.981647676616551
0.243,1.01059871225908,0.98195286115605
0.244,1.01042192545654,0.982253898188455
0.245,1.01024755190801,0.982550825865131
0.246,1.010075569214,0.98284368232856
0.247,1.00990595498451,0.983132505705008
0.248,1.00973868684335,0.983417334097288
0.249,1.00957374243225,0.983698205577657
0.25,1.009411099415,0.983975158180811
0.251,1.0092507354815,0.984248229897003
0.252,1.00909262835171,0.984517458665278
0.253,1.00893675577958,0.984782882366821
0.254,1.00878309555688,0.985044538818423
0.255,1.00863162551694,0.985302465766069
0.256,1.00848232353839,0.985556700878632
0.257,1.00833516754877,0.985807281741695
0.258,1.0081901355281,0.986054245851492
0.259,1.00804720551234,0.986297630608957
0.26,1.00790635559687,0.9865374733139
0.261,1.00776756393979,0.986773811159298
0.262,1.00763080876521,0.987006681225706
0.263,1.0074960683665,0.987236120475787
0.264,1.00736332110938,0.987462165748951
0.265,1.00723254543505,0.98768485375613
0.266,1.00710371986315,0.987904221074649
0.267,1.00697682299474,0.988120304143236
0.268,1.0068518335151,0.988333139257132
0.269,1.0067287301966,0.988542762563328
0.27,1.00660749190141,0.988749210055915
0.271,1.00648809758414,0.988952517571549
0.272,1.00637052629444,0.989152720785038
0.273,1.00625475717956,0.989349855205033
0.274,1.00614076948676,0.989543956169848
0.275,1.00602854256573,0.989735058843378
0.276,1.00591805587093,0.989923198211148
0.277,1.00580928896382,0.990108409076456
0.278,1.00570222151506,0.990290726056648
0.279,1.00559683330665,0.990470183579486
0.28,1.00549310423398,0.99064681587964
0.281,1.00539101430783,0.990820656995283
0.282,1.00529054365633,0.990991740764798
0.283,1.00519167252679,0.991160100823595
0.284,1.00509438128754,0.991325770601025
0.285,1.00499865042963,0.991488783317419
0.286,1.00490446056859,0.991649171981213
0.287,1.00481179244598,0.991806969386195
0.288,1.00472062693098,0.991962208108839
0.289,1.00463094502188,0.992114920505757
0.29,1.00454272784756,0.992265138711241
0.291,1.00445595666879,0.992412894634918
0.292,1.00437061287965,0.992558219959485
0.293,1.00428667800872,0.992701146138568
0.294,1.00420413372032,0.992841704394655
0.295,1.00412296181566,0.992979925717141
0.296,1.00404314423394,0.993115840860459
0.297,1.00396466305335,0.993249480342312
0.298,1.00388750049214,0.993380874441993
0.299,1.00381163890947,0.993510053198796
0.3,1.0037370608063,0.993637046410526
0.301,1.00366374882628,0.99376188363208
0.302,1.00359168575645,0.993884594174143
0.303,1.00352085452801,0.994005207101943
0.304,1.00345123821695,0.994123751234113
0.305,1.00338282004474,0.994240255141623
0.306,1.00331558337883,0.994354747146802
0.307,1.00324951173323,0.994467255322446
0.308,1.00318458876898,0.994577807490992
0.309,1.00312079829457,0.994686431223788
0.31,1.00305812426632,0.994793153840429
0.311,1.00299655078874,0.994898002408178
0.312,1.00293606211485,0.995001003741453
0.313,1.00287664264637,0.995102184401399
0.314,1.002818276934,0.995201570695525
0.315,1.00276094967753,0.995299188677414
0.316,1.00270464572604,0.995395064146506
0.317,1.00264935007789,0.995489222647946
0.318,1.00259504788089,0.995581689472504
0.319,1.00254172443219,0.995672489656556
0.32,1.00248936517832,0.995761647982136
0.321,1.00243795571514,0.995849188977045
0.322,1.00238748178766,0.99593513691503
0.323,1.00233792928998,0.996019515816013
0.324,1.00228928426508,0.996102349446394
0.325,1.0022415329046,0.996183661319404
0.326,1.00219466154864,0.996263474695511
0.327,1.00214865668544,0.996341812582893
0.328,1.0021035049511,0.996418697737957
0.329,1.00205919312925,0.996494152665915
0.33,1.00201570815065,0.996568199621412
0.331,1.00197303709282,0.996640860609204
0.332,1.00193116717959,0.996712157384883
0.333,1.00189008578067,0.996782111455658
0.334,1.00184978041116,0.996850744081176
0.335,1.001810238731,0.996918076274388
0.336,1.0017714485445,0.996984128802469
0.337,1.00173339779974,0.997048922187771
0.338,1.00169607458796,0.997112476708823
0.339,1.00165946714299,0.997174812401372
0.34,1.00162356384063,0.997235949059462
0.341,1.00158835319792,0.997295906236558
0.342,1.00155382387252,0.997354703246696
0.343,1.00151996466202,0.997412359165681
0.344,1.00148676450315,0.997468892832312
0.345,1.00145421247112,0.997524322849646
0.346,1.00142229777879,0.997578667586296
0.347,1.00139100977594,0.997631945177752
0.348,1.00136033794845,0.997684173527744
0.349,1.00133027191749,0.997735370309627
0.35,1.00130080143868,0.997785552967804
0.351,1.00127191640126,0.997834738719157
0.352,1.00124360682721,0.997882944554533
0.353,1.00121586287037,0.997930187240228
0.354,1.00118867481556,0.997976483319515
0.355,1.00116203307767,0.998021849114186
0.356,1.00113592820074,0.998066300726114
0.357,1.001110350857,0.998109854038851
0.358,1.00108529184599,0.998152524719229
0.359,1.00106074209352,0.99819432821899
0.36,1.00103669265078,0.998235279776435
0.361,1.0010131346933,0.998275394418087
0.362,1.00099005952001,0.998314686960376
0.363,1.00096745855223,0.99835317201133
0.364,1.00094532333262,0.998390863972295
0.365,1.00092364552425,0.998427777039661
0.366,1.0009024169095,0.998463925206596
0.367,1.00088162938907,0.998499322264807
0.368,1.00086127498094,0.998533981806301
0.369,1.00084134581931,0.998567917225159
0.37,1.00082183415359,0.998601141719325
0.371,1.00080273234729,0.998633668292401
0.372,1.000784032877,0.998665509755448
0.373,1.00076572833133,0.998696678728797
0.374,1.00074781140981,0.998727187643874
0.375,1.00073027492186,0.998757048745017
0.376,1.00071311178566,0.99878627409131
0.377,1.00069631502713,0.99881487555842
0.378,1.00067987777882,0.998842864840435
0.379,1.00066379327882,0.998870253451707
0.38,1.00064805486969,0.998897052728701
0.381,1.00063265599738,0.998923273831841
0.382,1.00061759021013,0.998948927747364
0.383,1.00060285115738,0.998974025289165
0.384,1.0005884325887,0.998998577100657
0.385,1.00057432835267,0.99902259365662
0.386,1.00056053239585,0.999046085265051
0.387,1.00054703876162,0.999069062069015
0.388,1.00053384158915,0.999091534048495
0.389,1.00052093511231,0.999113511022238
0.39,1.00050831365855,0.999135002649595
0.391,1.00049597164786,0.999156018432367
0.392,1.00048390359166,0.999176567716638
0.393,1.00047210409177,0.999196659694609
0.394,1.00046056783927,0.999216303406422
0.395,1.00044928961349,0.999235507741989
0.396,1.00043826428091,0.999254281442801
0.397,1.00042748679412,0.999272633103747
0.398,1.00041695219071,0.999290571174913
0.399,1.0004066555923,0.99930810396338
0.4,1.00039659220339,0.999325239635018
0.401,1.0003867573104,0.999341986216266
0.402,1.00037714628056,0.999358351595909
0.403,1.00036775456093,0.999374343526843
0.404,1.00035857767731,0.999389969627833
0.405,1.00034961123326,0.999405237385266
0.406,1.00034085090906,0.999420154154886
0.407,1.00033229246068,0.999434727163527
0.408,1.00032393171879,0.999448963510834
0.409,1.00031576458777,0.99946287017097
0.41,1.00030778704465,0.999476453994324
0.411,1.00029999513819,0.999489721709191
0.412,1.00029238498785,0.999502679923454
0.413,1.00028495278283,0.999515335126252
0.414,1.00027769478108,0.999527693689638
0.415,1.00027060730836,0.999539761870217
0.416,1.00026368675727,0.999551545810784
0.417,1.00025692958627,0.999563051541942
0.418,1.00025033231878,0.999574284983709
0.419,1.00024389154223,0.999585251947117
0.42,1.00023760390711,0.999595958135791
0.421,1.00023146612607,0.999606409147521
0.422,1.00022547497299,0.999616610475822
0.423,1.0002196272821,0.999626567511474
0.424,1.00021391994705,0.999636285544056
0.425,1.00020834992001,0.999645769763462
0.426,1.00020291421085,0.999655025261405
0.427,1.00019760988618,0.999664057032912
0.428,1.00019243406856,0.999672869977795
0.429,1.00018738393557,0.999681468902116
0.43,1.00018245671902,0.999689858519642
0.431,1.00017764970407,0.999698043453269
0.432,1.00017296022841,0.999706028236457
0.433,1.00016838568143,0.999713817314625
0.434,1.00016392350339,0.999721415046552
0.435,1.00015957118464,0.999728825705753
0.436,1.0001553262648,0.99973605348184
0.437,1.00015118633194,0.999743102481882
0.438,1.00014714902186,0.999749976731729
0.439,1.00014321201725,0.999756680177341
0.44,1.00013937304697,0.999763216686094
0.441,1.00013562988526,0.999769590048069
0.442,1.00013198035099,0.999775803977334
0.443,1.00012842230696,0.999781862113206
0.444,1.00012495365909,0.999787768021499
0.445,1.00012157235579,0.999793525195762
0.446,1.00011827638714,0.999799137058495
0.447,1.00011506378428,0.999804606962356
0.448,1.00011193261865,0.999809938191353
0.449,1.0001088810013,0.999815133962021
0.45,1.00010590708224,0.999820197424587
0.451,1.00010300904973,0.999825131664109
0.452,1.00010018512966,0.999829939701621
0.453,1.00009743358484,0.999834624495243
0.454,1.00009475271438,0.999839188941294
0.455,1.00009214085305,0.999843635875378
0.456,1.00008959637064,0.999847968073461
0.457,1.00008711767134,0.999852188252937
0.458,1.0000847031931,0.999856299073674
0.459,1.00008235140709,0.999860303139047
0.46,1.00008006081702,0.999864202996966
0.461,1.00007782995859,0.999868001140872
0.462,1.0000756573989,0.999871700010743
0.463,1.00007354173589,0.999875301994061
0.464,1.00007148159774,0.999878809426787
0.465,1.00006947564234,0.999882224594309
0.466,1.00006752255672,0.99988554973238
0.467,1.00006562105652,0.999888787028051
0.468,1.00006376988545,0.99989193862057
0.469,1.00006196781475,0.999895006602293
0.47,1.00006021364268,0.999897993019567
0.471,1.00005850619403,0.999900899873595
0.472,1.00005684431957,0.999903729121307
0.473,1.00005522689557,0.999906482676201
0.474,1.00005365282335,0.999909162409181
0.475,1.00005212102872,0.999911770149371
0.476,1.00005063046157,0.999914307684934
0.477,1.00004918009538,0.999916776763864
0.478,1.00004776892675,0.999919179094771
0.479,1.00004639597497,0.999921516347651
0.48,1.00004506028153,0.999923790154654
0.481,1.00004376090974,0.999926002110821
0.482,1.00004249694425,0.99992815377483
0.483,1.00004126749064,0.999930246669718
0.484,1.00004007167501,0.999932282283588
0.485,1.00003890864356,0.999934262070321
0.486,1.00003777756218,0.999936187450259
0.487,1.00003667761606,0.999938059810882
0.488,1.00003560800928,0.999939880507484
0.489,1.00003456796448,0.999941650863822
0.49,1.00003355672238,0.999943372172764
0.491,1.00003257354152,0.999945045696923
0.492,1.00003161769782,0.999946672669284
0.493,1.00003068848423,0.999948254293814
0.494,1.0000297852104,0.999949791746066
0.495,1.00002890720231,0.999951286173772
0.496,1.00002805380195,0.999952738697427
0.497,1.00002722436695,0.999954150410858
0.498,1.00002641827029,0.999955522381787
0.499,1.00002563489994,0.999956855652386
0.5,1.00002487365856,0.999958151239818
0.501,1.00002413396319,0.999959410136769
0.502,1.00002341524493,0.999960633311974
0.503,1.00002271694865,0.999961821710728
0.504,1.00002203853269,0.999962976255394
0.505,1.00002137946854,0.999964097845898
0.506,1.00002073924063,0.999965187360213
0.507,1.00002011734595,0.999966245654841
0.508,1.00001951329386,0.999967273565279
0.509,1.00001892660577,0.999968271906481
0.51,1.00001835681488,0.999969241473309
0.511,1.00001780346595,0.999970183040974
0.512,1.00001726611501,0.999971097365478
0.513,1.00001674432913,0.999971985184032
0.514,1.00001623768615,0.999972847215483
0.515,1.00001574577448,0.999973684160718
0.516,1.00001526819282,0.999974496703069
0.517,1.00001480454995,0.999975285508713
0.518,1.00001435446451,0.999976051227052
0.519,1.00001391756475,0.999976794491096
0.52,1.00001349348835,0.999977515917839
0.521,1.00001308188215,0.999978216108621
0.522,1.00001268240201,0.999978895649482
0.523,1.00001229471253,0.999979555111525
0.524,1.00001191848691,0.999980195051245
0.525,1.00001155340672,0.999980816010879
0.526,1.0000111991617,0.999981418518731
0.527,1.0000108554496,0.999982003089496
0.528,1.00001052197597,0.999982570224574
0.529,1.00001019845396,0.99998312041239
0.53,1.00000988460421,0.999983654128688
0.531,1.00000958015459,0.999984171836839
0.532,1.00000928484007,0.999984673988125
0.533,1.00000899840258,0.99998516102203
0.534,1.00000872059078,0.999985633366518
0.535,1.00000845115995,0.99998609143831
0.536,1.00000818987181,0.99998653564315
0.537,1.00000793649439,0.999986966376069
0.538,1.00000769080182,0.999987384021642
0.539,1.00000745257427,0.999987788954241
0.54,1.00000722159773,0.999988181538283
0.541,1.00000699766388,0.999988562128467
0.542,1.00000678057001,0.999988931070014
0.543,1.0000065701188,0.999989288698899
0.544,1.00000636611824,0.999989635342076
0.545,1.00000616838152,0.999989971317694
0.546,1.00000597672681,0.999990296935323
0.547,1.00000579097725,0.999990612496162
0.548,1.00000561096075,0.999990918293242
0.549,1.0000054365099,0.999991214611634
0.55,1.00000526746184,0.999991501728647
0.551,1.00000510365818,0.999991779914017
0.552,1.00000494494483,0.999992049430101
0.553,1.00000479117196,0.999992310532061
0.554,1.00000464219384,0.999992563468045
0.555,1.00000449786875,0.999992808479364
0.556,1.00000435805889,0.999993045800666
0.557,1.00000422263029,0.999993275660102
0.558,1.00000409145267,0.999993498279496
0.559,1.00000396439939,0.999993713874503
0.56,1.00000384134733,0.999993922654766
0.561,1.00000372217682,0.999994124824077
0.562,1.00000360677153,0.999994320580519
0.563,1.00000349501839,0.999994510116617
0.564,1.00000338680753,0.999994693619485
0.565,1.00000328203216,0.99999487127096
0.566,1.0000031805885,0.999995043247744
0.567,1.00000308237573,0.999995209721536
0.568,1.00000298729588,0.999995370859164
0.569,1.00000289525375,0.999995526822711
0.57,1.00000280615689,0.99999567776964
0.571,1.00000271991545,0.999995823852919
0.572,1.00000263644218,0.999995965221135
0.573,1.00000255565232,0.999996102018613
0.574,1.00000247746355,0.999996234385528
0.575,1.00000240179593,0.999996362458016
0.576,1.00000232857182,0.999996486368284
0.577,1.00000225771582,0.999996606244709
0.578,1.00000218915473,0.999996722211948
0.579,1.00000212281748,0.999996834391034
0.58,1.00000205863505,0.999996942899474
0.581,1.00000199654045,0.999997047851345
0.582,1.00000193646865,0.999997149357388
0.583,1.00000187835652,0.999997247525097
0.584,1.00000182214279,0.999997342458808
0.585,1.00000176776799,0.999997434259784
0.586,1.00000171517442,0.999997523026304
0.587,1.00000166430605,0.999997608853738
0.588,1.00000161510854,0.999997691834632
0.589,1.00000156752916,0.999997772058783
0.59,1.00000152151674,0.999997849613319
0.591,1.00000147702164,0.999997924582768
0.592,1.00000143399571,0.999997997049133
0.593,1.00000139239222,0.999998067091962
0.594,1.00000135216588,0.999998134788418
0.595,1.00000131327271,0.999998200213342
0.596,1.0000012756701,0.999998263439321
0.597,1.0000012393167,0.999998324536751
0.598,1.00000120417243,0.9999983835739
0.599,1.00000117019841,0.999998440616965
0.6,1.00000113735694,0.999998495730133
0.601,1.00000110561148,0.999998548975636
0.602,1.0000010749266,0.999998600413811
0.603,1.00000104526794,0.999998650103148
0.604,1.00000101660222,0.999998698100347
0.605,1.00000098889714,0.999998744460372
0.606,1.00000096212143,0.99999878923649
0.607,1.00000093624478,0.999998832480332
0.608,1.00000091123778,0.999998874241935
0.609,1.00000088707198,0.999998914569786
0.61,1.00000086371977,0.999998953510872
0.611,1.00000084115442,0.999998991110719
0.612,1.00000081935003,0.999999027413436
0.613,1.0000007982815,0.99999906246176
0.614,1.00000077792452,0.999999096297088
0.615,1.00000075825554,0.999999128959526
0.616,1.00000073925173,0.99999916048792
0.617,1.00000072089102,0.999999190919894
0.618,1.00000070315199,0.999999220291892
0.619,1.00000068601393,0.999999248639201
0.62,1.00000066945676,0.999999275996
0.621,1.00000065346105,0.999999302395382
0.622,1.00000063800797,0.999999327869389
0.623,1.00000062307932,0.999999352449047
0.624,1.00000060865745,0.999999376164392
0.625,1.00000059472529,0.999999399044501
0.626,1.0000005812663,0.999999421117523
0.627,1.00000056826449,0.999999442410704
0.628,1.00000055570436,0.999999462950415
0.629,1.00000054357093,0.99999948276218
0.63,1.0000005318497,0.9999995018707
0.631,1.00000052052662,0.999999520299878
0.632,1.00000050958811,0.999999538072846
0.633,1.00000049902104,0.999999555211985
0.634,1.00000048881267,0.999999571738946
0.635,1.00000047895071,0.999999587674683
0.636,1.00000046942326,0.999999603039462
0.637,1.0000004602188,0.999999617852888
0.638,1.0000004513262,0.999999632133926
0.639,1.00000044273468,0.999999645900917
0.64,1.00000043443383,0.999999659171603
0.641,1.00000042641357,0.999999671963141
0.642,1.00000041866416,0.999999684292123
0.643,1.00000041117617,0.999999696174592
0.644,1.00000040394049,0.999999707626061
0.645,1.00000039694832,0.999999718661529
0.646,1.00000039019114,0.999999729295498
0.647,1.00000038366072,0.999999739541986
0.648,1.0000003773491,0.999999749414546
0.649,1.00000037124859,0.999999758926276
0.65,1.00000036535174,0.999999768089837
0.651,1.00000035965139,0.999999776917467
0.652,1.00000035414057,0.999999785420993
0.653,1.00000034881258,0.999999793611843
0.654,1.00000034366093,0.99999980150106
0.655,1.00000033867935,0.999999809099317
0.656,1.0000003338618,0.999999816416924
0.657,1.00000032920242,0.99999982346384
0.658,1.00000032469556,0.999999830249691
0.659,1.00000032033576,0.999999836783772
0.66,1.00000031611775,0.999999843075063
0.661,1.00000031203643,0.999999849132238
0.662,1.00000030808688,0.999999854963673
0.663,1.00000030426435,0.999999860577458
0.664,1.00000030056427,0.999999865981408
0.665,1.00000029698218,0.999999871183065
0.666,1.00000029351382,0.999999876189715
0.667,1.00000029015506,0.999999881008393
0.668,1.0000002869019,0.999999885645887
0.669,1.0000002837505,0.999999890108756
0.67,1.00000028069714,0.999999894403328
0.671,1.00000027773823,0.999999898535712
0.672,1.00000027487032,0.999999902511803
0.673,1.00000027209005,0.999999906337295
0.674,1.0000002693942,0.99999991001768
0.675,1.00000026677966,0.999999913558257
0.676,1.00000026424343,0.999999916964143
0.677,1.00000026178261,0.999999920240273
0.678,1.00000025939439,0.999999923391409
0.679,1.00000025707608,0.999999926422146
0.68,1.00000025482509,0.999999929336918
0.681,1.00000025263889,0.99999993214
0.682,1.00000025051507,0.999999934835516
0.683,1.00000024845128,0.999999937427446
0.684,1.00000024644528,0.999999939919627
0.685,1.00000024449489,0.999999942315761
0.686,1.00000024259802,0.999999944619416
0.687,1.00000024075263,0.999999946834035
0.688,1.0000002389568,0.999999948962936
0.689,1.00000023720863,0.99999995100932
0.69,1.00000023550631,0.999999952976272
0.691,1.0000002338481,0.999999954866766
0.692,1.00000023223231,0.999999956683671
0.693,1.00000023065732,0.99999995842975
0.694,1.00000022912157,0.999999960107668
0.695,1.00000022762354,0.999999961719993
0.696,1.00000022616179,0.9999999632692
0.697,1.00000022473491,0.999999964757674
0.698,1.00000022334155,0.999999966187715
0.699,1.00000022198041,0.999999967561538
0.7,1.00000022065024,0.999999968881275
0.701,1.00000021934982,0.999999970148984
0.702,1.00000021807801,0.999999971366647
0.703,1.00000021683367,0.99999997253617
0.704,1.00000021561573,0.999999973659394
0.705,1.00000021442315,0.99999997473809
0.706,1.00000021325492,0.999999975773961
0.707,1.00000021211008,0.999999976768653
0.708,1.0000002109877,0.999999977723747
0.709,1.00000020988688,0.999999978640766
0.71,1.00000020880677,0.999999979521178
0.711,1.00000020774654,0.999999980366395
0.712,1.00000020670538,0.999999981177779
0.713,1.00000020568253,0.999999981956638
0.714,1.00000020467724,0.999999982704234
0.715,1.00000020368881,0.999999983421779
0.716,1.00000020271654,0.999999984110443
0.717,1.00000020175978,0.999999984771349
0.718,1.00000020081789,0.999999985405581
0.719,1.00000019989027,0.999999986014179
0.72,1.00000019897631,0.999999986598148
0.721,1.00000019807546,0.99999998715845
0.722,1.00000019718717,0.999999987696013
0.723,1.00000019631091,0.999999988211732
0.724,1.00000019544618,0.999999988706466
0.725,1.0000001945925,0.999999989181041
0.726,1.00000019374939,0.999999989636252
0.727,1.00000019291642,0.999999990072865
0.728,1.00000019209314,0.999999990491615
0.729,1.00000019127914,0.999999990893209
0.73,1.00000019047402,0.99999999127833
0.731,1.0000001896774,0.999999991647631
0.732,1.0000001888889,0.999999992001741
0.733,1.00000018810818,0.999999992341266
0.734,1.00000018733489,0.999999992666788
0.735,1.0000001865687,0.999999992978868
0.736,1.00000018580929,0.999999993278042
0.737,1.00000018505636,0.999999993564827
0.738,1.00000018430963,0.999999993839721
0.739,1.0000001835688,0.999999994103202
0.74,1.00000018283361,0.99999999435573
0.741,1.0000001821038,0.999999994597745
0.742,1.00000018137913,0.999999994829672
0.743,1.00000018065934,0.999999995051919
0.744,1.00000017994422,0.999999995264878
0.745,1.00000017923353,0.999999995468925
0.746,1.00000017852707,0.99999999566442
0.747,1.00000017782464,0.999999995851714
0.748,1.00000017712603,0.999999996031138
0.749,1.00000017643107,0.999999996203015
0.75,1.00000017573956,0.999999996367651
0.751,1.00000017505133,0.999999996525343
0.752,1.00000017436622,0.999999996676375
0.753,1.00000017368407,0.999999996821021
0.754,1.00000017300473,0.999999996959541
0.755,1.00000017232803,0.999999997092188
0.756,1.00000017165386,0.999999997219204
0.757,1.00000017098206,0.99999999734082
0.758,1.0000001703125,0.99999999745726
0.759,1.00000016964507,0.999999997568738
0.76,1.00000016897963,0.999999997675458
0.761,1.00000016831608,0.999999997777618
0.762,1.00000016765431,0.999999997875408
0.763,1.0000001669942,0.999999997969008
0.764,1.00000016633565,0.999999998058593
0.765,1.00000016567857,0.999999998144331
0.766,1.00000016502286,0.999999998226381
0.767,1.00000016436844,0.999999998304899
0.768,1.0000001637152,0.999999998380031
0.769,1.00000016306308,0.99999999845192
0.77,1.00000016241199,0.999999998520702
0.771,1.00000016176185,0.999999998586507
0.772,1.0000001611126,0.99999999864946
0.773,1.00000016046416,0.999999998709682
0.774,1.00000015981645,0.999999998767287
0.775,1.00000015916943,0.999999998822388
0.776,1.00000015852302,0.999999998875087
0.777,1.00000015787717,0.99999999892549
0.778,1.00000015723182,0.99999999897369
0.779,1.00000015658691,0.999999999019784
0.78,1.00000015594239,0.99999999906386
0.781,1.00000015529821,0.999999999106005
0.782,1.00000015465433,0.999999999146299
0.783,1.00000015401069,0.999999999184824
0.784,1.00000015336725,0.999999999221654
0.785,1.00000015272397,0.999999999256861
0.786,1.00000015208081,0.999999999290515
0.787,1.00000015143773,0.999999999322684
0.788,1.00000015079469,0.99999999935343
0.789,1.00000015015166,0.999999999382815
0.79,1.0000001495086,0.999999999410898
0.791,1.00000014886547,0.999999999437734
0.792,1.00000014822226,0.999999999463378
0.793,1.00000014757891,0.999999999487882
0.794,1.00000014693542,0.999999999511293
0.795,1.00000014629175,0.999999999533661
0.796,1.00000014564786,0.99999999955503
0.797,1.00000014500375,0.999999999575443
0.798,1.00000014435938,0.999999999594943
0.799,1.00000014371473,0.999999999613569
0.8,1.00000014306978,0.999999999631359
0.801,1.0000001424245,0.99999999964835
0.802,1.00000014177887,0.999999999664576
0.803,1.00000014113289,0.999999999680072
0.804,1.00000014048652,0.999999999694869
0.805,1.00000013983974,0.999999999708998
0.806,1.00000013919255,0.999999999722488
0.807,1.00000013854493,0.999999999735368
0.808,1.00000013789685,0.999999999747665
0.809,1.00000013724831,0.999999999759403
0.81,1.00000013659928,0.999999999770608
0.811,1.00000013594977,0.999999999781304
0.812,1.00000013529974,0.999999999791513
0.813,1.00000013464919,0.999999999801257
0.814,1.00000013399812,0.999999999810555
0.815,1.00000013334649,0.999999999819428
0.816,1.00000013269432,0.999999999827897
0.817,1.00000013204157,0.999999999835977
0.818,1.00000013138825,0.999999999843686
0.819,1.00000013073435,0.999999999851041
0.82,1.00000013007985,0.999999999858059
0.821,1.00000012942474,0.999999999864753
0.822,1.00000012876903,0.999999999871139
0.823,1.00000012811269,0.999999999877231
0.824,1.00000012745572,0.99999999988304
0.825,1.00000012679812,0.999999999888582
0.826,1.00000012613988,0.999999999893866
0.827,1.00000012548098,0.999999999898906
0.828,1.00000012482143,0.999999999903712
0.829,1.00000012416122,0.999999999908295
0.83,1.00000012350034,0.999999999912664
0.831,1.00000012283878,0.99999999991683
0.832,1.00000012217655,0.999999999920801
0.833,1.00000012151363,0.999999999924588
0.834,1.00000012085002,0.999999999928197
0.835,1.00000012018571,0.999999999931637
0.836,1.00000011952071,0.999999999934917
0.837,1.000000118855,0.999999999938043
0.838,1.00000011818859,0.999999999941021
0.839,1.00000011752146,0.99999999994386
0.84,1.00000011685362,0.999999999946565
0.841,1.00000011618506,0.999999999949143
0.842,1.00000011551578,0.999999999951598
0.843,1.00000011484578,0.999999999953939
0.844,1.00000011417504,0.999999999956168
0.845,1.00000011350357,0.999999999958292
0.846,1.00000011283137,0.999999999960315
0.847,1.00000011215843,0.999999999962242
0.848,1.00000011148475,0.999999999964078
0.849,1.00000011081033,0.999999999965826
0.85,1.00000011013517,0.999999999967491
0.851,1.00000010945925,0.999999999969077
0.852,1.00000010878259,0.999999999970587
0.853,1.00000010810518,0.999999999972025
0.854,1.00000010742701,0.999999999973395
0.855,1.00000010674809,0.999999999974698
0.856,1.00000010606841,0.999999999975939
0.857,1.00000010538797,0.999999999977121
0.858,1.00000010470677,0.999999999978245
0.859,1.00000010402481,0.999999999979316
0.86,1.00000010334209,0.999999999980335
0.861,1.0000001026586,0.999999999981305
0.862,1.00000010197435,0.999999999982228
0.863,1.00000010128933,0.999999999983107
0.864,1.00000010060354,0.999999999983943
0.865,1.00000009991698,0.999999999984739
0.866,1.00000009922965,0.999999999985495
0.867,1.00000009854155,0.999999999986216
0.868,1.00000009785267,0.999999999986901
0.869,1.00000009716302,0.999999999987553
0.87,1.00000009647259,0.999999999988173
0.871,1.00000009578139,0.999999999988763
0.872,1.00000009508942,0.999999999989324
0.873,1.00000009439666,0.999999999989857
0.874,1.00000009370313,0.999999999990365
0.875,1.00000009300882,0.999999999990848
0.876,1.00000009231372,0.999999999991307
0.877,1.00000009161785,0.999999999991744
0.878,1.0000000909212,0.999999999992158
0.879,1.00000009022376,0.999999999992553
0.88,1.00000008952554,0.999999999992928
0.881,1.00000008882654,0.999999999993285
0.882,1.00000008812676,0.999999999993624
0.883,1.00000008742619,0.999999999993946
0.884,1.00000008672484,0.999999999994252
0.885,1.00000008602271,0.999999999994544
0.886,1.00000008531979,0.99999999999482
0.887,1.00000008461608,0.999999999995084
0.888,1.00000008391159,0.999999999995334
0.889,1.00000008320631,0.999999999995571
0.89,1.00000008250024,0.999999999995797
0.891,1.00000008179339,0.999999999996012
0.892,1.00000008108575,0.999999999996215
0.893,1.00000008037732,0.999999999996409
0.894,1.0000000796681,0.999999999996592
0.895,1.0000000789581,0.999999999996767
0.896,1.00000007824731,0.999999999996933
0.897,1.00000007753573,0.999999999997091
0.898,1.00000007682335,0.99999999999724
0.899,1.0000000761102,0.999999999997382
0.9,1.00000007539625,0.999999999997517
0.901,1.00000007468151,0.999999999997646
0.902,1.00000007396598,0.999999999997767
0.903,1.00000007324966,0.999999999997883
0.904,1.00000007253255,0.999999999997993
0.905,1.00000007181465,0.999999999998097
0.906,1.00000007109596,0.999999999998195
0.907,1.00000007037648,0.99999999999829
0.908,1.00000006965621,0.999999999998379
0.909,1.00000006893515,0.999999999998463
0.91,1.0000000682133,0.999999999998544
0.911,1.00000006749065,0.99999999999862
0.912,1.00000006676722,0.999999999998692
0.913,1.00000006604299,0.999999999998761
0.914,1.00000006531797,0.999999999998826
0.915,1.00000006459216,0.999999999998887
0.916,1.00000006386556,0.999999999998947
0.917,1.00000006313817,0.999999999999002
0.918,1.00000006240998,0.999999999999055
0.919,1.000000061681,0.999999999999105
0.92,1.00000006095123,0.999999999999152
0.921,1.00000006022067,0.999999999999198
0.922,1.00000005948932,0.99999999999924
0.923,1.00000005875717,0.99999999999928
0.924,1.00000005802423,0.999999999999319
0.925,1.0000000572905,0.999999999999355
0.926,1.00000005655597,0.99999999999939
0.927,1.00000005582066,0.999999999999423
0.928,1.00000005508455,0.999999999999454
0.929,1.00000005434764,0.999999999999483
0.93,1.00000005360995,0.999999999999511
0.931,1.00000005287146,0.999999999999537
0.932,1.00000005213218,0.999999999999562
0.933,1.00000005139211,0.999999999999586
0.934,1.00000005065124,0.999999999999609
0.935,1.00000004990958,0.99999999999963
0.936,1.00000004916713,0.99999999999965
0.937,1.00000004842389,0.99999999999967
0.938,1.00000004767985,0.999999999999687
0.939,1.00000004693502,0.999999999999705
0.94,1.00000004618939,0.999999999999721
0.941,1.00000004544297,0.999999999999737
0.942,1.00000004469576,0.999999999999751
0.943,1.00000004394776,0.999999999999765
0.944,1.00000004319896,0.999999999999778
0.945,1.00000004244937,0.999999999999791
0.946,1.00000004169899,0.999999999999803
0.947,1.00000004094781,0.999999999999814
0.948,1.00000004019584,0.999999999999824
0.949,1.00000003944308,0.999999999999834
0.95,1.00000003868952,0.999999999999844
0.951,1.00000003793517,0.999999999999853
0.952,1.00000003718003,0.999999999999861
0.953,1.00000003642409,0.999999999999869
0.954,1.00000003566736,0.999999999999877
0.955,1.00000003490984,0.999999999999885
0.956,1.00000003415152,0.999999999999891
0.957,1.00000003339241,0.999999999999897
0.958,1.00000003263251,0.999999999999904
0.959,1.00000003187181,0.99999999999991
0.96,1.00000003111032,0.999999999999915
0.961,1.00000003034804,0.99999999999992
0.962,1.00000002958496,0.999999999999925
0.963,1.00000002882109,0.99999999999993
0.964,1.00000002805642,0.999999999999934
0.965,1.00000002729097,0.999999999999938
0.966,1.00000002652471,0.999999999999942
0.967,1.00000002575767,0.999999999999946
0.968,1.00000002498983,0.999999999999949
0.969,1.0000000242212,0.999999999999953
0.97,1.00000002345177,0.999999999999956
0.971,1.00000002268155,0.999999999999959
0.972,1.00000002191054,0.999999999999962
0.973,1.00000002113874,0.999999999999965
0.974,1.00000002036614,0.999999999999967
0.975,1.00000001959274,0.999999999999969
0.976,1.00000001881856,0.999999999999971
0.977,1.00000001804358,0.999999999999973
0.978,1.0000000172678,0.999999999999976
0.979,1.00000001649123,0.999999999999977
0.98,1.00000001571387,0.999999999999979
0.981,1.00000001493572,0.999999999999981
0.982,1.00000001415677,0.999999999999983
0.983,1.00000001337703,0.999999999999984
0.984,1.00000001259649,0.999999999999986
0.985,1.00000001181516,0.999999999999987
0.986,1.00000001103304,0.999999999999988
0.987,1.00000001025013,0.999999999999989
0.988,1.00000000946642,0.99999999999999
0.989,1.00000000868191,0.999999999999991
0.99,1.00000000789662,0.999999999999993
0.991,1.00000000711053,0.999999999999994
0.992,1.00000000632364,0.999999999999994
0.993,1.00000000553596,0.999999999999995
0.994,1.00000000474749,0.999999999999996
0.995,1.00000000395823,0.999999999999997
0.996,1.00000000316817,0.999999999999998
0.997,1.00000000237732,0.999999999999998
0.998,1.00000000158567,0.999999999999999
0.999,1.00000000079323,1
1,1,1
